      1.00000      930.829      55.6501
      1.17308      801.618      49.0724
      1.34615      631.046      40.3311
      1.51923      559.815      36.6510
      1.69231      526.842      34.9392
      1.86538      426.759      29.6996
      2.03846      394.000      27.9659
      2.21154      311.531      23.5406
      2.38462      271.726      21.3615
      2.55769      241.128      19.6592
      2.73077      207.525      17.7537
      2.90385      222.074      18.5840
      3.07692      169.920      15.5597
      3.25000      121.879      12.6101
      3.42308      64.0902      8.62317
      3.59615      67.6514      8.89343
      3.76923      86.6735      10.2691
      3.94231      97.2230      10.9934
      4.11538      161.198      15.0386
      4.28846      133.953      13.3720
      4.46154      124.616      12.7843
      4.63462      124.182      12.7567
      4.80769      114.597      12.1420
      4.98077      91.9450      10.6339
      5.15385      102.707      11.3613
      5.32692      92.1439      10.6475
      5.50000      87.5042      10.3270
      5.67308      94.6018      10.8155
      5.84615      78.1989      9.66885
      6.01923      75.8291      9.49759
      6.19231      74.1693      9.37668
      6.36538      76.0507      9.51368
      6.53846      91.1405      10.5786
      6.71154      82.8452      10.0002
      6.88462      67.0894      8.85109
      7.05769      54.4908      7.86854
      7.23077      61.5650      8.42856
      7.40385      60.6540      8.35770
      7.57692      66.6659      8.81912
      7.75000      58.1273      8.15930
      7.92308      53.9434      7.82420
      8.09615      59.8945      8.29837
      8.26923      59.8520      8.29504
      8.44231      58.5665      8.19400
      8.61539      44.2972      7.01447
      8.78846      37.8248      6.43441
      8.96154      37.9671      6.44755
      9.13461      53.5716      7.79400
      9.30769      42.9494      6.89645
      9.48077      33.5072      6.02611
      9.65385      46.1731      7.17656
      9.82692      35.2659      6.19476
      10.0000      35.2792      6.19603
